-0.03682791
-0.02907999
-0.01650237
-0.0052001
-0.00897586
-0.00887445
-0.01262483
-0.01338336
-0.01070626
-0.00851685
-0.00549049
-0.00969097
-0.00976753
-0.02949975
-0.02947228
-0.00677563
0.02379332
0.02627145
0.02788328
0.02736855
0.02898543
0.03673071
0.03980864
0.04621007
0.05203175
0.05356247
0.05058738
0.04113799
0.03008789
0.01649944
0.00647339
0.00144079
-0.00020937
0.0001179
0.00066189
0.00049329
-0.00093813
-0.01363838
-0.0245521
-0.01414667
-0.01199573
0.00458104
0.00535877
0.02134304
0.00451048
-0.00504123
0.01792708
0.02758409
0.08123162
0.15397027
0.29808527
0.40605742
0.4188286
0.34432232
0.26619512
0.16803946
0.07523939
0.02346288
0.01014548
0.00059492
0.00126465
-0.00781472
-0.02195872
-0.00244758
0.00847766
0.01209256
0.02388722
0.03050324
0.03121922
0.0359136
0.0351926
0.03899207
0.04009351
0.04525703
0.04668907
0.04257412
0.04345437
0.03957178
0.04239794
0.03867191
0.04074761
0.0374696
0.03990625
0.03418826
0.03963768
0.03795405
0.03122374
0.03905746
0.04085917
0.04658908
0.04049597
0.04521763
0.03937774
0.04287006
0.04075215
0.03483881
0.03586197
0.03516041
0.04098289
0.03547291
0.04456645
0.04635522
0.0404166
0.05230548
0.04244107
0.05177277
0.04115872
0.05192173
0.03984852
0.05254287
0.04381637
0.05433426
0.05175003
0.06591347
0.05041904
0.05990804
0.04510438
0.05508596
0.05568441
0.04126415
0.05136798
0.03819669
0.05102539
0.04029315
0.05276008
0.04440088
0.05482063
0.04329883
0.05414148
0.06555045
0.05078343
0.03754605
0.04832971
0.03871568
0.05393521
0.04136107
0.05389404
0.04174434
0.05305897
0.04369315
0.05476611
0.04154169
0.05250694
0.05269317
0.03842848
0.0533462
0.04459982
0.05470465
0.04436029
0.05591659
0.05399355
0.04135517
0.05672007
0.04376617
0.05492991
0.04528275
0.05349283
0.05277164
0.08087022
0.1180426
0.15233499
0.17601386
0.19230235
0.2042822
0.21421385
0.22345172
0.23269002
0.24233161
0.24041156
0.25134465
0.26450393
0.2778505
0.27686608
0.29013634
0.28843665
0.30350727
0.30163234
0.31678993
0.33061972
0.3408174
0.34691125
0.34787208
0.34521985
0.31944287
0.31562197
0.2918197
0.29195577
0.29078472
0.28686523
0.27962857
0.2692832
0.2581506
0.24809803
0.21877062
0.22263724
0.2308117
0.21750543
0.23609194
0.23167683
0.25861627
0.25748974
0.28880954
0.2863813
0.31781584
0.34730917
0.36757952
0.39330226
0.41638958
0.4616748
0.5237697
0.6708892
0.81316763
0.87737125
0.89923567
0.90792364
0.8611322
0.8869896
0.84742975
0.8785591
0.8424446
0.8752165
0.8922749
0.9027649
0.90878385
0.8610633
0.88616335
0.84684944
0.87778366
0.84186727
0.87458163
0.89172417
0.9022954
0.90837306
0.910327
0.9132734
0.9150759
0.8648811
0.8889359
0.9006365
0.85472
0.88296866
0.8450244
0.87685716
0.8396333
0.87328357
0.83909446
0.8725036
0.8902081
0.90116006
0.90752286
0.9113098
0.91367203
0.8639762
0.8880996
0.8999671
0.907641
0.8604651
0.88622814
0.8469068
0.8780714
0.8420746
0.8748537
0.84005165
0.87325996
0.89077204
0.9015893
0.907854
0.8604199
0.88554126
0.84639496
0.8773345
0.89342606
0.9034279
0.909175
0.9125445
0.9146051
0.91595757
0.86373717
0.88845015
0.8483399
0.8259879
0.8649011
0.83427054
0.86992675
0.83700925
0.8710227
0.83754164
0.8710696
0.8890382
0.90022314
0.9067731
0.91070575
0.91318077
0.9148281
0.9159831
0.8653917
0.8893013
0.90089196
0.90836287
0.86094433
0.88670164
0.84725267
0.87841123
0.84233755
0.8751054
0.8921681
0.90267414
0.9087077
0.8610107
0.8861111
0.84681475
0.8777489
0.84184736
0.87456185
0.89171076
0.9022884
0.9083727
0.9119657
0.9141759
0.9156323
0.86522067
0.88920057
0.9008296
0.85654485
0.88406914
0.8456934
0.8773671
0.84167004
0.8745857
0.839907
0.87314755
0.8906997
0.90154594
0.90783
0.9115571
0.91387254
0.8641154
0.88823724
0.8481166
0.8788156
0.84251404
0.87519187
0.84023917
0.87343913
0.8390938
0.872416
0.83840734
0.87175363
0.8895531
0.90060717
0.9070609
0.8598524
0.88499254
0.845979
0.876929
0.8412156
0.8739435
0.8393578
0.70849967
0.61984926
0.4132831
0.20405951
0.01222391
-0.02726012
-0.06674348
-0.03786816
-0.01754546
0.02117136
0.03271769
0.05850608
0.07956582
0.09055893
0.09096616
0.0844389
0.07651913
0.06565455
0.06514324
0.06670263
0.08137655
0.10404617
0.12810755
0.13324188
0.14422706
0.13596115
0.13551246
0.1141213
0.10429377
0.0927863
0.05697321
0.04290141
-0.01804981
-0.03890635
-0.0152769
0.02280065
0.04550521
0.03988845
0.00388587
0.02357116
0.02869625
0.01059523
0.04889021
0.06149585
0.052333
0.08416382
0.09035254
0.12008437
0.14875075
0.15046519
0.14041068
0.12619945
0.11140778
0.09796064
0.08803242
0.08164407
0.07984413
0.08124819
0.08622009
0.09247105
0.09753059
0.102997
0.10483383
0.10681522
0.11053026
0.11308901
0.12146209
0.1283054
0.13851798
0.12189551
0.07913233
-0.00640853
0.03894895
0.16564217
0.30201536
0.34227645
0.36840028
0.3514411
0.3485793
0.32742298
0.2506925
0.17029949
0.07447732
0.03790917
0.010062
-0.01934032
-0.00989206
-0.00591482
0.02009025
0.03289021
0.03417396
0.06301621
0.09372017
0.11252949
0.11193203
0.10366751
0.0847565
0.06608266
0.04079203
0.03091085
0.01918638
0.0121007
0.00603807
0.00691239
0.01064503
0.01300957
0.01323017
0.00967641
0.00436145
-0.01422258
-0.01079804
-0.01509332
-0.02396637
0.00354248
0.02806973
0.07108802
0.05383417
0.0574434
-0.02873436
0.03287888
0.05439703
0.25054502
0.41795272
0.49498385
0.5046631
0.49692905
0.49149883
0.47729087
0.49205148
0.48661524
0.500198
0.47124833
0.4627959
0.45719188
0.4690501
0.4413889
0.43017054
0.40666467
0.36454153
0.30668604
0.22550051
0.1469152
0.0275568
-0.04594304
-0.04049467
-0.00367694
0.03634587
0.07900909
0.17540592
0.25048208
0.2423838
0.21128392
0.15889595
0.10433795
0.03469569
-0.02268917
-0.04871063
-0.03585626
-0.01248784
0.00136638
0.00462437
-0.00078997
0.00578127
0.00992259
0.02887875
0.03442112
0.04614913
0.05837327
0.06654067
0.06913951
0.06604055
0.05576594
0.0440456
0.03228575
0.02926449
0.02502465
0.03013299
0.03919397
0.0492051
0.05398896
0.05627806
0.05054546
0.02665373
0.01866332
0.00162814
0.00691167
0.01608378
0.02259998
-0.00536021
-0.01595732
0.01286623
0.0274785
0.05876635
0.04881332
-0.02049539
0.02465983
0.04561015
0.03268991
0.13808805
0.16983077
0.22086094
0.3403377
0.39029616
0.40431345
0.38784873
0.34179044
0.31545746
0.3152486
0.34193432
0.37309963
0.40238625
0.4290527
0.43001777
0.44991058
0.46461284
0.4668823
0.4314559
0.39769465
0.33111572
0.28512198
0.20398214
0.12045849
0.07346858
0.05892444
0.02554293
0.03146774
0.00708658
-0.01853032
-0.01115088
-0.04284255
-0.02593982
-0.0309733
-0.01124883
-0.00974752
0.00587903
0.00732614
0.01806106
0.01722906
0.02651928
0.01984313
0.02154569
0.01474574
0.02633416
0.01980444
0.02881407
0.02116635
0.02775612
0.02121244
0.03035357
0.02290875
0.03128142
0.02586719
0.03350429
0.03373873
0.04285432
0.04389482
0.03009754
0.03474181
0.02777116
0.03662383
0.03774515
0.02657554
0.03542287
0.02940283
0.03602496
0.02553451
0.03294482
0.02239749
0.02665838
0.01935696
0.02033692
0.02849343
0.02576154
0.03289519
0.02867252
0.01897509
0.02983918
0.03328531
0.03312419
0.03802703
0.02724543
0.03482125
0.02552906
0.03265689
0.02453227
0.03472836
0.0334164
0.02445416
0.03299925
0.02440354
0.03353871
0.02628838
0.03162835
0.02332428
0.030968
0.02862533
0.03567423
0.02803438
0.03463919
0.03407272
0.02275965
0.03027464
0.02194314
0.02992092
0.02119862
0.03077188
0.02168103
0.03132743
0.03326621
0.0233297
0.03154276
0.02704793
0.01731196
0.02972749
0.03460891
0.02640593
0.03567938
0.03339118
0.02721171
0.01741034
0.0295614
0.03290704
0.02606793
0.03356374
0.02369243
0.03157299
0.02864344
0.03771426
0.03877395
0.02758409
0.03448154
0.03044065
0.02080587
0.02860834
0.01989178
0.03075214
0.0249289
0.03431447
0.02597285
0.03237444
0.02771354
0.03382073
0.02336442
0.03247076
0.02261098
0.03146891
0.02174985
0.02995838
0.02432249
0.03199428
0.02400132
0.02282286
0.03184518
0.02574188
0.03498783
0.02635185
0.03287075
0.02462358
0.03365122
0.0266597
0.03429802
0.03387344
0.04238388
0.0364789
0.02448316
0.02974688
0.02331275
0.02986702
0.02469852
0.03449415
0.03227954
0.02274331
0.03083845
0.02258568
0.03152934
0.02973138
0.03871491
0.03551587
0.02386782
0.03438653
0.03706618
0.0262738
0.03382603
0.02267838
0.03080106
0.02208957
0.03097938
0.02641868
0.02710232
0.0333061
0.02220698
0.03202995
0.02444886
0.03125682
0.02362303
0.03391187
0.03673307
0.0248796
0.03303896
0.02601178
0.03027914
0.0205151
0.03225097
0.02451646
0.03389374
0.03010079
0.01965757
0.03030165
0.02474572
0.0167082
0.02794561
0.02014957
0.02939191
0.02227147
0.03219507
0.02729528
0.03404062
0.02629207
0.02696516
0.03248626
0.02524194
0.03593377
0.03544785
0.02705583
0.01898977
0.02916867
0.02070758
0.03144919
0.02419148
0.03019247
0.02124594
0.02956188
0.02183008
0.03170151
0.03233836
0.05458447
0.08718899
0.11756258
0.1471814
0.16262913
0.18023522
0.19561553
0.20928389
0.22190888
0.23327453
0.24368386
0.24048445
0.24914594
0.24495767
0.25409532
0.26331574
0.27165598
0.2782632
0.2837965
0.27379185
0.27931643
0.27050155
0.27749592
0.28546908
0.2918545
0.2974366
0.28529796
0.29044956
0.27954704
0.2869411
0.27787158
0.2866094
0.29540196
0.30202067
0.30586416
0.308563
0.30990428
0.31086868
0.29448056
0.30034947
0.3073842
0.29585057
0.30622697
0.2978062
0.31122154
0.30579597
0.32363623
0.3186484
0.34236765
0.36232573
0.37417728
0.38758373
0.40932387
0.63004535
0.9170227
0.9507906
0.90343004
0.94277084
0.8993194
0.9404611
0.8981672
0.9396816
0.897806
0.93934417
0.89765203
0.9391535
0.9577096
0.9681162
0.9734071
0.9166234
0.9494807
0.9028305
0.94224614
0.89908785
0.940185
0.9583675
0.9685605
0.97371894
0.97634953
0.9181064
0.9504778
0.90331644
0.94267386
0.9597543
0.90938276
0.94576806
0.90091175
0.94119203
0.8985718
0.9398286
0.8978751
0.9393396
0.95783436
0.96820194
0.9734671
0.9761644
0.9775762
0.91871005
0.95084316
0.9638706
0.971542
0.91549957
0.94922835
0.9026462
0.9423686
0.89914596
0.9403387
0.9585003
0.96865547
0.97377825
0.97637975
0.9777252
0.91876143
0.95091355
0.90349126
0.9428486
0.959879
0.9694627
0.97427255
0.9767018
0.9779493
0.9786092
0.9191597
0.9512756
0.96230155
0.97095853
0.97513926
0.9173588
0.9502772
0.90316516
0.94269925
0.8992842
0.94044864
0.9585667
0.9686937
0.97379905
0.9763904
0.9777301
0.9784461
0.97884506
0.9192515
0.9513357
0.9036656
0.943079
0.89946014
0.9406526
0.8982561
0.9397927
0.89785236
0.93939906
0.9578977
0.9682513
0.97349936
0.9743285
0.9767949
0.91832656
0.95062035
0.9033591
0.9427228
0.95978624
0.9693969
0.9742276
0.97667235
0.9182168
0.9506373
0.90337723
0.9427722
0.9598326
0.9694293
0.9742457
0.9169559
0.94989187
0.9030054
0.9424917
0.8991955
0.9403253
0.9584712
0.9686263
0.97375464
0.97636366
0.9777161
0.97844106
0.9190921
0.88955075
0.9345018
0.8950127
0.93823326
0.89701295
0.9390448
0.8974794
0.93913126
0.89562064
0.9381473
0.95717674
0.9678169
0.97322756
0.97600436
0.97746295
0.91866034
0.9507789
0.90344
0.94277906
0.89933485
0.94047415
0.8981828
0.93969285
0.8978178
0.9393516
0.89765936
0.93915766
0.95771223
0.96811783
0.9734079
0.91662437
0.9494807
0.9028306
0.94224566
0.9594546
0.9691649
0.97406554
0.9765588
0.91818017
0.9505813
0.9033608
0.94274527
0.8993282
0.94045526
0.95857114
0.9088028
0.94533384
0.9007179
0.9409793
0.8946085
0.93786997
0.95710206
0.9678202
0.97325474
0.97603375
0.977487
0.9782774
0.9787281
0.9790017
0.91932994
0.8897007
0.9346999
0.89512044
0.93837637
0.8970988
0.9391429
0.8975393
0.9391911
0.9577768
0.96817786
0.97345346
0.9761511
0.97756
0.97832435
0.9787595
0.9192309
0.9512988
0.9641904
0.9717749
0.9155935
0.94936484
0.9027106
0.9424554
0.89918685
0.9403872
0.9585355
0.9686772
0.97378963
0.9167674
0.94967103
0.9029024
0.94234765
0.89911824
0.9402299
0.9583966
0.9685733
0.97371954
0.9763424
0.9777048
0.9784369
0.91909784
0.9511811
0.9641042
0.9115871
0.947202
0.9015932
0.94178647
0.89884454
0.94014156
0.89802307
0.939526
0.9579796
0.9683067
0.9735384
0.97621006
0.9776028
0.97835594
0.9787826
0.91923726
0.95130956
0.9036646
0.9430707
0.89946675
0.94065356
0.8982655
0.93979675
0.89786106
0.93940324
0.9579008
0.9682538
0.9735015
0.9761832
0.97758263
0.9187016
0.9508347
0.9034566
0.9428064
0.95984954
0.96944594
0.9742655
0.97670156
0.9182325
0.95065504
0.903387
0.94278234
0.9598397
0.90941226
0.9458073
0.90092003
0.9412065
0.8985681
0.93983
0.8978663
0.9393355
0.9578306
0.968198
0.97346294
0.9743077
0.976786
0.97794586
0.9188835
0.88944227
0.93438596
0.8949624
0.9381666
0.89505213
0.93809396
0.89702433
0.93884784
0.8974199
0.93894905
0.9575618
0.9680072
0.9733262
0.9760614
0.9775009
0.91867965
0.95080405
0.96384263
0.9715249
0.91549927
0.9492271
0.90265304
0.9423738
0.89915496
0.94034547
0.95850646
0.9686611
0.9737832
0.91486734
0.94880253
0.90249616
0.9421083
0.8990128
0.94013786
0.9583277
0.9685208
0.9718223
0.97551984
0.9772845
0.9782151
0.91900283
0.9510979
0.9640414
0.97165745
0.975469
0.9156057
0.9494998
0.90280265
0.9425058
0.89920795
0.9403935
0.9585306
0.96866894
